60 5.53127 6.82981 4.45622 6.20249 4.97546 9.81936 9.28031 6.40672
120 6.85777 1e+08 5.34511 7.7009 6.06457 18.9864 16.3721 8.12022
180 6.85673 1e+08 5.34442 7.71563 6.06351 20.1555 16.6673 8.12595
240 5.39691 1e+08 6.36485 7.52471 5.94755 18.2211 14.5536 5.52549
300 5.12888 1e+08 6.48942 7.48002 5.89482 15.8037 13.1516 5.09285
360 5.12897 1e+08 6.49066 7.48187 5.89511 15.6137 13.1535 5.09267
420 5.70861 1e+08 7.59144 7.43881 7.24781 17.3055 13.5486 5.04051
480 5.82395 1e+08 7.86436 7.40531 7.6071 18.8071 13.3996 5.03301
540 5.82441 1e+08 7.86458 7.40398 7.60738 18.9595 13.3977 5.03284
600 5.84053 1e+08 8.46809 7.13172 8.96338 18.977 14.8449 4.98091
660 5.81249 1e+08 8.6793 7.07471 9.39689 18.5437 15.8115 4.99171
720 5.81254 1e+08 8.68203 7.07384 9.39858 18.4962 15.8658 4.99187
780 6.30421 1e+08 10.274 6.64975 11.5261 18.3509 16.3863 5.96214
840 6.39753 1e+08 10.9529 6.5711 12.4227 18.1931 16.517 6.16134
900 6.39747 1e+08 10.9318 6.57068 12.405 18.1728 16.5087 6.16149
960 7.9451 1e+08 14.1585 7.93411 15.6103 18.1393 16.0824 8.05051
1020 8.41764 1e+08 16.7226 8.27622 17.4204 18.3443 15.6991 8.46306
1080 8.41899 1e+08 16.7654 8.27763 17.4705 18.3601 15.7216 8.46258
1140 7.46923 1e+08 16.5021 7.48178 17.0422 18.6275 12.633 7.27894
1200 7.25656 1e+08 16.2975 7.32684 15.7794 18.6656 11.2842 7.02551
1260 7.25603 1e+08 16.3712 7.32588 15.7977 18.5575 11.3314 7.02575
1320 6.52263 1e+08 14.5445 6.47338 14.3185 18.3949 9.65723 6.58161
1380 6.35407 1e+08 13.2162 6.3155 13.4733 17.9154 9.13833 6.48831
1440 6.35403 1e+08 13.1552 6.31509 13.5182 17.836 9.1411 6.48811
